12 
        0 0 
        1 0 
        2 0 
        3 0 
        4 0 
        5 0 
        6 0 
        7 0 
        8 0 
        9 0 
        10 1 
        10 0 

12 
        636437309 704270751 
        695056713 700147825 
        636437309 356396548 
        921201220 589666013 
        430411607 671693685 
        324259336 671693685 
        723442153 589666013 
        528904109 419799944 
        921201220 356396548 
        723442153 856537355 
        691516566 726853849 
        941903572 634527403 

6
1 0
2 0
3 0
6 0
7 0
5 4

6
9 3 
4 3 
3 3 
10 3 
8 7
1 3

6
879221060 76350727 
161945371 76350727 
380619073 76350727 
896289713 76350727 
852891025 852349940 
519959866 76350727

12
0 0
1 0
1 1
0 1
0 2
1 2
2 1
2 2
0 3
3 0
1 3
3 1

2
0 0
1 0


4
0 0
1 0
1 1
0 1
